Run semi-empirical minimization
 &qmmm
    qm_theory='AM1', grms_tol=0.0005,
 scfconv=1.d-10, ndiis_attempts=700,   qmcharge=0,
 /
   6    C1        5.0020        2.5920        1.6290 
   8    O1        5.1700        2.9570        0.2650 
   6    C2        4.0460        2.9370       -0.5270 
   6    C3        4.1920        3.5390       -1.7910 
   7    N1        5.3670        4.2450       -2.1160 
   6    C4        3.0880        3.6140       -2.6420 
   6    C5        1.8740        3.0240       -2.2830 
   6    C6        1.7260        2.3710       -1.0510 
   6    C7        2.8290        2.3410       -0.1760 
   6    C8        0.4500        1.7460       -0.6780 
   6    C9       -0.7430        2.4730       -0.6710 
   6   C10       -1.9170        1.8030       -0.2980 
   6   C11       -1.9050        0.4550        0.0620 
   7    N2       -0.7430       -0.2690        0.0490 
   6   C12        0.3710        0.4030       -0.3160 
   6   C13       -3.2610       -0.0000        0.4080 
   7    N3       -4.1940        0.9520        0.2930 
  16    S1       -3.5210        2.3700       -0.1850 
   7    N4       -3.5940       -1.2790        0.8230 
   6   C14       -4.9460       -1.7600        0.4560 
   6   C15       -5.3320       -3.0010        1.2690 
   8    O2       -4.3560       -4.0420        1.1310 
   6   C16       -3.0930       -3.5780        1.6240 
   6   C17       -2.5840       -2.3530        0.8490 
   1    H1        4.7840        1.5230        1.7240 
   1    H2        5.9470        2.7850        2.1450 
   1    H3        4.2290        3.1980        2.1130 
   1    H4        5.5800        4.2560       -3.1070 
   1    H5        6.1470        3.9260       -1.5420 
   1    H6        3.1660        4.1380       -3.5910 
   1    H7        1.0410        3.0810       -2.9810 
   1    H8        2.7110        1.8530        0.7870 
   1    H9       -0.7670        3.5260       -0.9340 
   1   H10        1.2680       -0.2160       -0.3200 
   1   H11       -4.9470       -2.0110       -0.6120 
   1   H12       -5.7120       -0.9960        0.6300 
   1   H13       -5.4500       -2.7560        2.3320 
   1   H14       -6.2890       -3.3940        0.9120 
   1   H15       -2.3760       -4.4000        1.5270 
   1   H16       -3.1900       -3.3510        2.6930 
   1   H17       -2.3440       -2.6460       -0.1800 
   1   H18       -1.6720       -2.0280        1.3580 

